#Grand SAPAS
#[674507.84, 1382486.58]
#[674371.86, 1382558.87]
#[674265.61, 1382405.90]
#[674331.26, 1382334.83]
#[674378.05, 1382380.36]
#[674337.29, 1382415.07]
#[674353.39, 1382449.35]
#[674469.60, 1382411.89]

Lombila SAPAS 1
[674429.01, 1382526.25]
[674419.64, 1382511.59]
[674406.45, 1382518.04]
[674391.51, 1382490.96]
[674485.17, 1382443.18]
[674508.06, 1382485.91]

Lombila SAPAS 2
[674429.01, 1382526.25]
[674419.64, 1382511.59]
[674406.45, 1382518.04]
[674391.51, 1382490.96]
[674485.17, 1382443.18]
[674469.60, 1382411.89]
[674306.44, 1382465.66]
[674371.86, 1382558.87]

Lombila SAPAS 3
[674298.81, 1382454.33]
[674344.70, 1382431.16]
[674353.39, 1382449.35]
[674306.44, 1382465.66]

Lombila SAPAS 4
[674298.81, 1382454.33]
[674265.61, 1382405.90]
[674331.26, 1382334.83]
[674378.05, 1382380.36]
[674337.29, 1382415.07]
[674344.70, 1382431.16]

Nomgana (Madi Woko)
[678003.17, 1385040.11]
[678029.10, 1385036.36]
[678039.36, 1384949.69]
[678121.65, 1384807.50]
[678072.65, 1384797.67]
[678021.20, 1384842.14]
[677971.70, 1384935.62]
[677980.12, 1385002.52]

Loumbila (ZONGO)
[673636.64, 1389737.54]
[673671.01, 1389614.34]
[673721.41, 1389556.31]
[673708.11, 1389480.66]
[673514.22, 1389517.02]
[673585.96, 1389713.55]
[673636.64, 1389737.54]

Loumbila (Pusg Zigga)
[682840.00, 1388481.00]
[682922.00, 1388245.00]
[682783.00, 1388223.14]
[682780.33, 1388140.17]
[682687.47, 1388120.05]
[682679.67, 1388275.22]
[682688.68, 1388361.20]
[682792.02, 1388348.68]
[682810.16, 1388460.29]

Nomgana (Kamsaonghin)
[679098.13, 1383605.06]
[679376.94, 1383390.25]
[679317.92, 1383131.97]
[679034.11, 1383199.01]
[678982.74, 1383577.93]
[679098.13, 1383605.06]

Nomgana Mandibga Rond point
[677371.38, 1384964.87]
[677419.07, 1384960.49]
[677412.14, 1384754.06]
[677325.86, 1384743.13]
[677300.21, 1384810.19]
[677336.44, 1384835.08]
[677309.56, 1384911.79]

Sapouy Kantiogho(45 Ha)
[636413.45, 1262689.55]
[636894.73, 1262681.19]
[636909.75, 1262877.56]
[637070.44, 1262858.14]
[637076.29, 1262648.09]
[636932.72, 1261954.50]
[636651.96, 1261925.29]
[636327.77, 1261946.33]
[636381.06, 1262245.44]
[636590.14, 1262244.59]
[636608.32, 1262368.19]
[636623.21, 1262517.36]
[636428.59, 1262540.99]


Sapouy Tare(13 ha)



Nagtinga_3Ha
[680711.05, 1386590.47]
[680744.41, 1386516.85]
[680861.37, 1386518.83]
[680866.72, 1386426.29]
[680826.77, 1386436.79]
[680726.34, 1386400.38]
[680618.63, 1386421.96]
[680637.15, 1386446.33]
[680631.85, 1386588.76]
[680711.05, 1386590.47]

Nagtin_2Ha
[680822.90, 1386429.73]
[680826.89, 1386413.27]
[680909.45, 1386409.47]
[680941.58, 1386350.65]
[680900.72, 1386286.65]
[680845.30, 1386238.51]
[680822.45, 1386288.14]
[680751.31, 1386314.07]
[680729.33, 1386397.01 ]
[680822.90, 1386429.73]

Nomgana Poussiniere
[678321.60, 1384368.09]
[678454.76, 1384196.23]
[678355.63, 1383918.22]
[678203.78, 1383880.70]
[678086.03, 1383997.40]
[678133.92, 1384208.87]
[678321.60, 1384368.09]


Nagtinga_Combine_5Ha
[680711.05, 1386590.47]
[680744.41, 1386516.85]
[680861.37, 1386518.83]
[680866.72, 1386426.29]
[680909.45, 1386409.47]
[680941.58, 1386350.65]
[680900.72, 1386286.65]
[680845.30, 1386238.51]
[680822.45, 1386288.14]
[680751.31, 1386314.07]
[680726.34, 1386400.38]
[680618.63, 1386421.96]
[680637.15, 1386446.33]
[680631.85, 1386588.76]
[680711.05, 1386590.47]

Terrain Pounkouyan, Po (Joel)
[709928.32, 1241544.33]
[710046.68, 1241490.55]
[710036.54, 1241290.17]
[709670.92, 1241264.88]
[709690.90, 1241321.77]
[709715.46, 1241326.45]
[709722.70, 1241375.92]
[709811.88, 1241391.30]
[709908.49, 1241445.15]

Terrain Pounkouyan, Po (maman)
[710036.54, 1241290.17]
[710029.00, 1241141.00]
[709834.22, 1241131.78]
[709704.50, 1241056.46]
[709684.05, 1241125.49]
[709670.92, 1241264.88]